[gd_scene load_steps=14 format=2]

[ext_resource path="res://scripts/main.gd" type="Script" id=1]
[ext_resource path="res://scenes/axes.tscn" type="PackedScene" id=2]
[ext_resource path="res://scripts/double_esc_exit.gd" type="Script" id=3]
[ext_resource path="res://assets/crosshair.png" type="Texture" id=4]
[ext_resource path="res://resources/environment/ground_material.tres" type="Material" id=5]
[ext_resource path="res://scenes/environment/crate.tscn" type="PackedScene" id=6]
[ext_resource path="res://scenes/gui/menu.tscn" type="PackedScene" id=7]
[ext_resource path="res://assets/sounds/load.wav" type="AudioStream" id=8]
[ext_resource path="res://assets/sounds/save.wav" type="AudioStream" id=9]
[ext_resource path="res://assets/sounds/nerdy_granny_master1.ogg" type="AudioStream" id=10]

[sub_resource type="CanvasItemMaterial" id=1]

[sub_resource type="BoxShape" id=2]
extents = Vector3( 50, 1, 50 )

[sub_resource type="CubeMesh" id=3]
size = Vector3( 100, 2, 100 )

[node name="Node" type="Node"]
script = ExtResource( 1 )

[node name="Axes" parent="." instance=ExtResource( 2 )]
visible = false

[node name="DoubleEscExit" type="Node" parent="."]
script = ExtResource( 3 )

[node name="DirectionalLight" type="DirectionalLight" parent="."]
transform = Transform( 1, 0, 0, 0, -4.37114e-08, 1, 0, -1, -4.37114e-08, 5.23546, 1.26289, 0 )
shadow_enabled = true

[node name="CrosshairContainer" type="CenterContainer" parent="."]
anchor_right = 1.0
anchor_bottom = 1.0
mouse_filter = 2

[node name="Crosshair" type="TextureRect" parent="CrosshairContainer"]
material = SubResource( 1 )
margin_left = 496.0
margin_top = 284.0
margin_right = 528.0
margin_bottom = 316.0
mouse_filter = 2
texture = ExtResource( 4 )

[node name="PlayerSpawn" type="Spatial" parent="."]
transform = Transform( 1, 0, 0, 0, 1, 0, 0, 0, 1, 0, 26.2655, 0 )

[node name="Env" type="Spatial" parent="."]

[node name="Ground" type="StaticBody" parent="Env"]
transform = Transform( 1, 0, 0, 0, 1, 0, 0, 0, 1, 0, -1, 0 )

[node name="CollisionShape" type="CollisionShape" parent="Env/Ground"]
shape = SubResource( 2 )

[node name="MeshInstance" type="MeshInstance" parent="Env/Ground"]
mesh = SubResource( 3 )
material/0 = ExtResource( 5 )

[node name="Crate" parent="Env" instance=ExtResource( 6 )]
transform = Transform( 1, 0, 0, 0, 1, 0, 0, 0, 1, -43.8923, 0, -45.296 )

[node name="Crate2" parent="Env" instance=ExtResource( 6 )]
transform = Transform( 0.716537, 0, 0.697549, 0, 1, 0, -0.697549, 0, 0.716537, -46.9861, 0, -43.625 )

[node name="Crate3" parent="Env" instance=ExtResource( 6 )]
transform = Transform( -0.252066, 0, 0.96771, 0, 1, 0, -0.96771, 0, -0.252066, -47.038, 0, -38.2278 )

[node name="Crate4" parent="Env" instance=ExtResource( 6 )]
transform = Transform( -0.252066, 0, 0.96771, 0, 1, 0, -0.96771, 0, -0.252066, -45.0797, 0, 44.3638 )

[node name="Crate6" parent="Env" instance=ExtResource( 6 )]
transform = Transform( 0.600765, 0, 0.799426, 0, 1, 0, -0.799426, 0, 0.600765, -41.2908, -4.76837e-07, 45.6443 )

[node name="Crate7" parent="Env" instance=ExtResource( 6 )]
transform = Transform( 0.98664, 0, -0.162914, 0, 1, 0, 0.162914, 0, 0.98664, -46.6933, 0, 37.3648 )

[node name="Crate8" parent="Env" instance=ExtResource( 6 )]
transform = Transform( 0.300927, 0, 0.953647, 0, 1, 0, -0.953647, 0, 0.300927, 45.0806, 0, 44.5974 )

[node name="Crate9" parent="Env" instance=ExtResource( 6 )]
transform = Transform( -0.18096, 0, 0.98349, 0, 1, 0, -0.98349, 0, -0.18096, 47.4921, 0, 39.2818 )

[node name="Crate5" parent="Env" instance=ExtResource( 6 )]
transform = Transform( -0.07583, 0, 0.997121, 0, 1, 0, -0.997121, 0, -0.07583, -45.0797, 1.87385, 44.3638 )

[node name="ColorRect" type="ColorRect" parent="."]
anchor_top = 1.0
anchor_right = 1.0
anchor_bottom = 1.0
margin_top = -74.0
mouse_filter = 2
color = Color( 0, 0, 0, 0.372549 )

[node name="Controls" type="Label" parent="ColorRect"]
margin_left = 7.0
margin_top = 4.0
margin_right = 214.0
margin_bottom = 69.0
text = "[WASD]: Move
[Shift]: Go down
[Space]: Go up
[MouseWheel]: select piece"

[node name="Controls2" type="Label" parent="ColorRect"]
margin_left = 219.0
margin_top = 4.0
margin_right = 426.0
margin_bottom = 69.0
text = "[R]: Rotate piece
[LMB]: place piece
[RMB]: remove piece
[Tab]: Race mode"

[node name="Controls3" type="Label" parent="ColorRect"]
margin_left = 435.0
margin_top = 4.0
margin_right = 957.0
margin_bottom = 64.0
text = "[M]: Spawn sheep
[PageUp]: Nudge all pieces up
[PageDown]: Nudge all pieces down
[Ctrl]: disable snapping"

[node name="Menu" parent="." instance=ExtResource( 7 )]
visible = false

[node name="LoadSound" type="AudioStreamPlayer" parent="."]
stream = ExtResource( 8 )

[node name="SaveSound" type="AudioStreamPlayer" parent="."]
stream = ExtResource( 9 )

[node name="Music" type="AudioStreamPlayer" parent="."]
stream = ExtResource( 10 )
volume_db = -5.0
autoplay = true
bus = "Music"

[connection signal="load_path_selected" from="Menu" to="." method="_on_Menu_load_path_selected"]
[connection signal="save_path_selected" from="Menu" to="." method="_on_Menu_save_path_selected"]
